0 0.7200838414634146 0.5813008130081301 0.7620045731707317 0.5813008130081301 0.7620045731707317 0.6456639566395663 0.7200838414634146 0.6456639566395663
0 0.7607342479674796 0.7913279132791328 0.8248856707317073 0.7913279132791328 0.8248856707317073 0.8861788617886178 0.7607342479674796 0.8861788617886178
0 0.6800685975609755 0.6682475158084914 0.7213541666666666 0.6682475158084914 0.7213541666666666 0.747289972899729 0.6800685975609755 0.747289972899729
0 0.7162728658536585 0.5101626016260162 0.7505716463414633 0.5101626016260162 0.7505716463414633 0.5654923215898826 0.7162728658536585 0.5654923215898826
0 0.6749872967479674 0.3656278229448961 0.7029344512195121 0.3656278229448961 0.7029344512195121 0.4096657633242999 0.6749872967479674 0.4096657633242999
0 0.6406885162601625 0.2865853658536585 0.657837906504065 0.2865853658536585 0.657837906504065 0.3306233062330623 0.6406885162601625 0.3306233062330623
0 0.6044842479674796 0.221093044263776 0.618457825203252 0.221093044263776 0.618457825203252 0.2459349593495935 0.6044842479674796 0.2459349593495935
0 0.5866996951219511 0.288843721770551 0.6038490853658536 0.288843721770551 0.6038490853658536 0.3136856368563685 0.5866996951219511 0.3136856368563685
0 0.6133765243902438 0.3193315266485998 0.6330665650406504 0.3193315266485998 0.6330665650406504 0.3464317976513098 0.6133765243902438 0.3464317976513098
0 0.6203633130081301 0.41192411924119243 0.6451346544715446 0.41192411924119243 0.6451346544715446 0.44918699186991873 0.6203633130081301 0.44918699186991873
0 0.5339811991869918 0.3882113821138211 0.5606580284552845 0.3882113821138211 0.5606580284552845 0.42434507678410116 0.5339811991869918 0.42434507678410116
0 0.580983231707317 0.34191508581752483 0.6013084349593496 0.34191508581752483 0.6013084349593496 0.3780487804878049 0.580983231707317 0.3780487804878049
0 0.6057545731707317 0.36224028906955735 0.6260797764227642 0.36224028906955735 0.6260797764227642 0.3927280939476061 0.6057545731707317 0.3927280939476061
0 0.5841590447154471 0.4254742547425474 0.6108358739837398 0.4254742547425474 0.6108358739837398 0.4672538392050587 0.5841590447154471 0.4672538392050587
0 0.5695503048780488 0.3814363143631436 0.5911458333333334 0.3814363143631436 0.5911458333333334 0.42208672086720866 0.5695503048780488 0.42208672086720866
0 0.5466844512195121 0.4356368563685637 0.575266768292683 0.4356368563685637 0.575266768292683 0.49096657633243 0.5466844512195121 0.49096657633243
0 0.5739964430894309 0.4717705510388437 0.6000381097560975 0.4717705510388437 0.6000381097560975 0.5191960252935863 0.5739964430894309 0.5191960252935863
0 0.5581173780487805 0.5022583559168925 0.5911458333333334 0.5022583559168925 0.5911458333333334 0.558717253839205 0.5581173780487805 0.558717253839205
0 0.5092098577235773 0.5372628726287263 0.5447789634146342 0.5372628726287263 0.5447789634146342 0.5903342366757001 0.5092098577235773 0.5903342366757001
0 0.5511305894308942 0.5654923215898826 0.5879700203252032 0.5654923215898826 0.5879700203252032 0.621951219512195 0.5511305894308942 0.621951219512195
0 0.4939659552845529 0.5835591689250226 0.5320757113821138 0.5835591689250226 0.5320757113821138 0.6445347786811201 0.4939659552845529 0.6445347786811201
0 0.4755462398373984 0.6343721770551038 0.5200076219512195 0.6343721770551038 0.5200076219512195 0.7224480578139115 0.4755462398373984 0.7224480578139115
0 0.46665396341463417 0.6987353206865402 0.5098450203252033 0.6987353206865402 0.5098450203252033 0.7766485998193315 0.46665396341463417 0.7766485998193315
0 0.4501397357723578 0.747289972899729 0.49841209349593496 0.747289972899729 0.49841209349593496 0.8398825654923215 0.4501397357723578 0.8398825654923215
0 0.5257240853658537 0.6445347786811201 0.5657393292682926 0.6445347786811201 0.5657393292682926 0.7314814814814815 0.5257240853658537 0.7314814814814815
0 0.5161966463414634 0.7269647696476965 0.5593877032520325 0.7269647696476965 0.5593877032520325 0.8060072267389341 0.5161966463414634 0.8060072267389341
0 0.502223069105691 0.7879403794037939 0.5485899390243902 0.7879403794037939 0.5485899390243902 0.8771454381210478 0.502223069105691 0.8771454381210478
0 0.4336255081300813 0.8218157181571816 0.4888846544715448 0.8218157181571816 0.4888846544715448 0.9200542005420054 0.4336255081300813 0.9200542005420054
0 0.42536839430894313 0.905374887082204 0.4861350729316118 0.905374887082204 0.4861350729316118 0.9990740740740741 0.42536839430894313 0.9990740740740741
0 0.5981326219512194 0.5191960252935863 0.6292555894308942 0.5191960252935863 0.6292555894308942 0.57226738934056 0.5981326219512194 0.57226738934056
0 0.5917809959349593 0.5609756097560976 0.6241742886178862 0.5609756097560976 0.6241742886178862 0.6151761517615176 0.5917809959349593 0.6151761517615176
0 0.5892403455284553 0.6004968383017163 0.6222688008130082 0.6004968383017163 0.6222688008130082 0.6637308039747063 0.5892403455284553 0.6637308039747063
0 0.5835238821138211 0.6298554652213189 0.6159171747967479 0.6298554652213189 0.6159171747967479 0.6987353206865402 0.5835238821138211 0.6987353206865402
0 0.5727261178861788 0.6874435411020776 0.6114710365853658 0.6874435411020776 0.6114710365853658 0.760840108401084 0.5727261178861788 0.760840108401084
0 0.5663744918699186 0.7359981933152665 0.6114710365853658 0.7359981933152665 0.6114710365853658 0.8240740740740741 0.5663744918699186 0.8240740740740741
0 0.7054751016260162 0.33514001806684734 0.7258003048780488 0.33514001806684734 0.7258003048780488 0.3656278229448961 0.7054751016260162 0.3656278229448961
0 0.6660950203252032 0.24254742547425473 0.6807037601626015 0.24254742547425473 0.6807037601626015 0.2640018066847335 0.6660950203252032 0.2640018066847335
0 -7.401486830834377e-18 0.5001258755756955 0.03728404471544718 0.5001258755756955 0.03728404471544718 0.5609756097560976 -7.401486830834377e-18 0.5609756097560976
