0 0.6787982723577236 0.5248419150858175 0.7067454268292682 0.5248419150858175 0.7067454268292682 0.5824299909665763 0.6787982723577236 0.5824299909665763
0 0.7245299796747967 0.5745257452574526 0.7670858739837398 0.5745257452574526 0.7670858739837398 0.6456639566395663 0.7245299796747967 0.6456639566395663
0 0.7410442073170731 0.7122854561878952 0.7918572154471544 0.7122854561878952 0.7918572154471544 0.7890695573622403 0.7410442073170731 0.7890695573622403
0 0.6337017276422763 0.6817976513098464 0.6762576219512194 0.6817976513098464 0.6762576219512194 0.7834236675700089 0.6337017276422763 0.7834236675700089
0 0.7092860772357723 0.46160794941282746 0.7404090447154471 0.46160794941282746 0.7404090447154471 0.513550135501355 0.7092860772357723 0.513550135501355
0 0.7105564024390244 0.4198283649503161 0.7353277439024389 0.4198283649503161 0.7353277439024389 0.4582204155374887 0.7105564024390244 0.4582204155374887
0 0.6787982723577236 0.3272357723577236 0.6984883130081301 0.3272357723577236 0.6984883130081301 0.35998193315266486 0.6787982723577236 0.35998193315266486
0 0.6337017276422763 0.3385275519421861 0.655932418699187 0.3385275519421861 0.655932418699187 0.37240289069557364 0.6337017276422763 0.37240289069557364
0 0.5886051829268292 0.261743450767841 0.6089303861788617 0.261743450767841 0.6089303861788617 0.2944896115627823 0.5886051829268292 0.2944896115627823
0 0.4920604674796748 0.4841915085817524 0.5257240853658537 0.4841915085817524 0.5257240853658537 0.5395212285456188 0.4920604674796748 0.5395212285456188
0 0.5562118902439024 0.34417344173441733 0.5771722560975608 0.34417344173441733 0.5771722560975608 0.37579042457091233 0.5562118902439024 0.37579042457091233
0 0.5981326219512194 0.3780487804878049 0.6203633130081301 0.3780487804878049 0.6203633130081301 0.41418247515808493 0.5981326219512194 0.41418247515808493
0 0.5670096544715446 0.37691960252935863 0.5917809959349593 0.37691960252935863 0.5917809959349593 0.4153116531165311 0.5670096544715446 0.4153116531165311
0 0.5543064024390244 0.4130532971996386 0.582253556910569 0.4130532971996386 0.582253556910569 0.4582204155374887 0.5543064024390244 0.4582204155374887
0 0.538427337398374 0.45596205962059616 0.5708206300813008 0.45596205962059616 0.5708206300813008 0.50903342366757 0.538427337398374 0.50903342366757
0 0.5784425813008129 0.45144534778681117 0.6051194105691057 0.45144534778681117 0.6051194105691057 0.49322493224932246 0.5784425813008129 0.49322493224932246
0 0.6108358739837398 0.46047877145438115 0.6375127032520325 0.46047877145438115 0.6375127032520325 0.5 0.6108358739837398 0.5
0 0.5879700203252032 0.4209575429087624 0.6108358739837398 0.4209575429087624 0.6108358739837398 0.46047877145438115 0.5879700203252032 0.46047877145438115
0 0.7042047764227642 0.3317524841915086 0.7245299796747967 0.3317524841915086 0.7245299796747967 0.36224028906955735 0.7042047764227642 0.36224028906955735
0 0.4914253048780488 0.5880758807588076 0.5282647357723577 0.5880758807588076 0.5282647357723577 0.6501806684733513 0.4914253048780488 0.6501806684733513
0 0.47745172764227645 0.6332429990966576 0.5200076219512195 0.6332429990966576 0.5200076219512195 0.7201897018970189 0.47745172764227645 0.7201897018970189
0 0.4653836382113822 0.7009936766034326 0.5092098577235773 0.7009936766034326 0.5092098577235773 0.7755194218608852 0.4653836382113822 0.7755194218608852
0 0.45141006097560976 0.7506775067750676 0.4939659552845529 0.7506775067750676 0.4939659552845529 0.837624209575429 0.45141006097560976 0.837624209575429
0 0.4348958333333333 0.8285907859078591 0.4895198170731707 0.8285907859078591 0.4895198170731707 0.9211833785004516 0.4348958333333333 0.9211833785004516
0 0.502223069105691 0.7868112014453478 0.54541412601626 0.7868112014453478 0.54541412601626 0.8748870822041553 0.502223069105691 0.8748870822041553
0 0.5187372967479675 0.7292231255645889 0.5581173780487805 0.7292231255645889 0.5581173780487805 0.8071364046973802 0.5187372967479675 0.8071364046973802
0 0.5238185975609756 0.6467931345980126 0.5657393292682926 0.6467931345980126 0.5657393292682926 0.7326106594399276 0.5238185975609756 0.7326106594399276
0 0.5524009146341463 0.5259710930442637 0.5860645325203252 0.5259710930442637 0.5860645325203252 0.5846883468834687 0.5524009146341463 0.5846883468834687
0 0.5657393292682926 0.49661246612466126 0.5936864837398373 0.49661246612466126 0.5936864837398373 0.5440379403794038 0.5657393292682926 0.5440379403794038
0 0.5460492886178862 0.5937217705510389 0.580348069105691 0.5937217705510389 0.580348069105691 0.6490514905149052 0.5460492886178862 0.6490514905149052
0 0.5974974593495934 0.5214543812104787 0.6292555894308942 0.5214543812104787 0.6292555894308942 0.5733965672990063 0.5974974593495934 0.5733965672990063
0 0.5930513211382114 0.5621047877145438 0.6241742886178862 0.5621047877145438 0.6241742886178862 0.6163053297199639 0.5930513211382114 0.6163053297199639
0 0.5898755081300813 0.603884372177055 0.619728150406504 0.603884372177055 0.619728150406504 0.6614724480578139 0.5898755081300813 0.6614724480578139
0 0.5835238821138211 0.6309846431797651 0.6171875 0.6309846431797651 0.6171875 0.7032520325203252 0.5835238821138211 0.7032520325203252
0 0.5701854674796748 0.693089430894309 0.6133765243902438 0.693089430894309 0.6133765243902438 0.760840108401084 0.5701854674796748 0.760840108401084
0 0.5663744918699186 0.7371273712737126 0.6102007113821137 0.7371273712737126 0.6102007113821137 0.8195573622402891 0.5663744918699186 0.8195573622402891
0 0.6095655487804877 0.33739837398373984 0.6286204268292682 0.33739837398373984 0.6286204268292682 0.3701445347786811 0.6095655487804877 0.3701445347786811
